289 0
0.000000000000000e+00 0.000000000000000e+00
1.875000000000000e+01 0.000000000000000e+00
3.750000000000000e+01 0.000000000000000e+00
5.625000000000000e+01 0.000000000000000e+00
7.500000000000000e+01 0.000000000000000e+00
9.375000000000000e+01 0.000000000000000e+00
1.125000000000000e+02 0.000000000000000e+00
1.312500000000000e+02 0.000000000000000e+00
1.500000000000000e+02 0.000000000000000e+00
1.687500000000000e+02 0.000000000000000e+00
1.875000000000000e+02 0.000000000000000e+00
2.062500000000000e+02 0.000000000000000e+00
2.250000000000000e+02 0.000000000000000e+00
2.437500000000000e+02 0.000000000000000e+00
2.625000000000000e+02 0.000000000000000e+00
2.812500000000000e+02 0.000000000000000e+00
3.000000000000000e+02 0.000000000000000e+00
0.000000000000000e+00 1.875000000000000e+01
1.875000000000000e+01 1.875000000000000e+01
3.750000000000000e+01 1.875000000000000e+01
5.625000000000000e+01 1.875000000000000e+01
7.500000000000000e+01 1.875000000000000e+01
9.375000000000000e+01 1.875000000000000e+01
1.125000000000000e+02 1.875000000000000e+01
1.312500000000000e+02 1.875000000000000e+01
1.500000000000000e+02 1.875000000000000e+01
1.687500000000000e+02 1.875000000000000e+01
1.875000000000000e+02 1.875000000000000e+01
2.062500000000000e+02 1.875000000000000e+01
2.250000000000000e+02 1.875000000000000e+01
2.437500000000000e+02 1.875000000000000e+01
2.625000000000000e+02 1.875000000000000e+01
2.812500000000000e+02 1.875000000000000e+01
3.000000000000000e+02 1.875000000000000e+01
0.000000000000000e+00 3.750000000000000e+01
1.875000000000000e+01 3.750000000000000e+01
3.750000000000000e+01 3.750000000000000e+01
5.625000000000000e+01 3.750000000000000e+01
7.500000000000000e+01 3.750000000000000e+01
9.375000000000000e+01 3.750000000000000e+01
1.125000000000000e+02 3.750000000000000e+01
1.312500000000000e+02 3.750000000000000e+01
1.500000000000000e+02 3.750000000000000e+01
1.687500000000000e+02 3.750000000000000e+01
1.875000000000000e+02 3.750000000000000e+01
2.062500000000000e+02 3.750000000000000e+01
2.250000000000000e+02 3.750000000000000e+01
2.437500000000000e+02 3.750000000000000e+01
2.625000000000000e+02 3.750000000000000e+01
2.812500000000000e+02 3.750000000000000e+01
3.000000000000000e+02 3.750000000000000e+01
0.000000000000000e+00 5.625000000000000e+01
1.875000000000000e+01 5.625000000000000e+01
3.750000000000000e+01 5.625000000000000e+01
5.625000000000000e+01 5.625000000000000e+01
7.500000000000000e+01 5.625000000000000e+01
9.375000000000000e+01 5.625000000000000e+01
1.125000000000000e+02 5.625000000000000e+01
1.312500000000000e+02 5.625000000000000e+01
1.500000000000000e+02 5.625000000000000e+01
1.687500000000000e+02 5.625000000000000e+01
1.875000000000000e+02 5.625000000000000e+01
2.062500000000000e+02 5.625000000000000e+01
2.250000000000000e+02 5.625000000000000e+01
2.437500000000000e+02 5.625000000000000e+01
2.625000000000000e+02 5.625000000000000e+01
2.812500000000000e+02 5.625000000000000e+01
3.000000000000000e+02 5.625000000000000e+01
0.000000000000000e+00 7.500000000000000e+01
1.875000000000000e+01 7.500000000000000e+01
3.750000000000000e+01 7.500000000000000e+01
5.625000000000000e+01 7.500000000000000e+01
7.500000000000000e+01 7.500000000000000e+01
9.375000000000000e+01 7.500000000000000e+01
1.125000000000000e+02 7.500000000000000e+01
1.312500000000000e+02 7.500000000000000e+01
1.500000000000000e+02 7.500000000000000e+01
1.687500000000000e+02 7.500000000000000e+01
1.875000000000000e+02 7.500000000000000e+01
2.062500000000000e+02 7.500000000000000e+01
2.250000000000000e+02 7.500000000000000e+01
2.437500000000000e+02 7.500000000000000e+01
2.625000000000000e+02 7.500000000000000e+01
2.812500000000000e+02 7.500000000000000e+01
3.000000000000000e+02 7.500000000000000e+01
0.000000000000000e+00 9.375000000000000e+01
1.875000000000000e+01 9.375000000000000e+01
3.750000000000000e+01 9.375000000000000e+01
5.625000000000000e+01 9.375000000000000e+01
7.500000000000000e+01 9.375000000000000e+01
9.375000000000000e+01 9.375000000000000e+01
1.125000000000000e+02 9.375000000000000e+01
1.312500000000000e+02 9.375000000000000e+01
1.500000000000000e+02 9.375000000000000e+01
1.687500000000000e+02 9.375000000000000e+01
1.875000000000000e+02 9.375000000000000e+01
2.062500000000000e+02 9.375000000000000e+01
2.250000000000000e+02 9.375000000000000e+01
2.437500000000000e+02 9.375000000000000e+01
2.625000000000000e+02 9.375000000000000e+01
2.812500000000000e+02 9.375000000000000e+01
3.000000000000000e+02 9.375000000000000e+01
0.000000000000000e+00 1.125000000000000e+02
1.875000000000000e+01 1.125000000000000e+02
3.750000000000000e+01 1.125000000000000e+02
5.625000000000000e+01 1.125000000000000e+02
7.500000000000000e+01 1.125000000000000e+02
9.375000000000000e+01 1.125000000000000e+02
1.125000000000000e+02 1.125000000000000e+02
1.312500000000000e+02 1.125000000000000e+02
1.500000000000000e+02 1.125000000000000e+02
1.687500000000000e+02 1.125000000000000e+02
1.875000000000000e+02 1.125000000000000e+02
2.062500000000000e+02 1.125000000000000e+02
2.250000000000000e+02 1.125000000000000e+02
2.437500000000000e+02 1.125000000000000e+02
2.625000000000000e+02 1.125000000000000e+02
2.812500000000000e+02 1.125000000000000e+02
3.000000000000000e+02 1.125000000000000e+02
0.000000000000000e+00 1.312500000000000e+02
1.875000000000000e+01 1.312500000000000e+02
3.750000000000000e+01 1.312500000000000e+02
5.625000000000000e+01 1.312500000000000e+02
7.500000000000000e+01 1.312500000000000e+02
9.375000000000000e+01 1.312500000000000e+02
1.125000000000000e+02 1.312500000000000e+02
1.312500000000000e+02 1.312500000000000e+02
1.500000000000000e+02 1.312500000000000e+02
1.687500000000000e+02 1.312500000000000e+02
1.875000000000000e+02 1.312500000000000e+02
2.062500000000000e+02 1.312500000000000e+02
2.250000000000000e+02 1.312500000000000e+02
2.437500000000000e+02 1.312500000000000e+02
2.625000000000000e+02 1.312500000000000e+02
2.812500000000000e+02 1.312500000000000e+02
3.000000000000000e+02 1.312500000000000e+02
0.000000000000000e+00 1.500000000000000e+02
1.875000000000000e+01 1.500000000000000e+02
3.750000000000000e+01 1.500000000000000e+02
5.625000000000000e+01 1.500000000000000e+02
7.500000000000000e+01 1.500000000000000e+02
9.375000000000000e+01 1.500000000000000e+02
1.125000000000000e+02 1.500000000000000e+02
1.312500000000000e+02 1.500000000000000e+02
1.500000000000000e+02 1.500000000000000e+02
1.687500000000000e+02 1.500000000000000e+02
1.875000000000000e+02 1.500000000000000e+02
2.062500000000000e+02 1.500000000000000e+02
2.250000000000000e+02 1.500000000000000e+02
2.437500000000000e+02 1.500000000000000e+02
2.625000000000000e+02 1.500000000000000e+02
2.812500000000000e+02 1.500000000000000e+02
3.000000000000000e+02 1.500000000000000e+02
0.000000000000000e+00 1.687500000000000e+02
1.875000000000000e+01 1.687500000000000e+02
3.750000000000000e+01 1.687500000000000e+02
5.625000000000000e+01 1.687500000000000e+02
7.500000000000000e+01 1.687500000000000e+02
9.375000000000000e+01 1.687500000000000e+02
1.125000000000000e+02 1.687500000000000e+02
1.312500000000000e+02 1.687500000000000e+02
1.500000000000000e+02 1.687500000000000e+02
1.687500000000000e+02 1.687500000000000e+02
1.875000000000000e+02 1.687500000000000e+02
2.062500000000000e+02 1.687500000000000e+02
2.250000000000000e+02 1.687500000000000e+02
2.437500000000000e+02 1.687500000000000e+02
2.625000000000000e+02 1.687500000000000e+02
2.812500000000000e+02 1.687500000000000e+02
3.000000000000000e+02 1.687500000000000e+02
0.000000000000000e+00 1.875000000000000e+02
1.875000000000000e+01 1.875000000000000e+02
3.750000000000000e+01 1.875000000000000e+02
5.625000000000000e+01 1.875000000000000e+02
7.500000000000000e+01 1.875000000000000e+02
9.375000000000000e+01 1.875000000000000e+02
1.125000000000000e+02 1.875000000000000e+02
1.312500000000000e+02 1.875000000000000e+02
1.500000000000000e+02 1.875000000000000e+02
1.687500000000000e+02 1.875000000000000e+02
1.875000000000000e+02 1.875000000000000e+02
2.062500000000000e+02 1.875000000000000e+02
2.250000000000000e+02 1.875000000000000e+02
2.437500000000000e+02 1.875000000000000e+02
2.625000000000000e+02 1.875000000000000e+02
2.812500000000000e+02 1.875000000000000e+02
3.000000000000000e+02 1.875000000000000e+02
0.000000000000000e+00 2.062500000000000e+02
1.875000000000000e+01 2.062500000000000e+02
3.750000000000000e+01 2.062500000000000e+02
5.625000000000000e+01 2.062500000000000e+02
7.500000000000000e+01 2.062500000000000e+02
9.375000000000000e+01 2.062500000000000e+02
1.125000000000000e+02 2.062500000000000e+02
1.312500000000000e+02 2.062500000000000e+02
1.500000000000000e+02 2.062500000000000e+02
1.687500000000000e+02 2.062500000000000e+02
1.875000000000000e+02 2.062500000000000e+02
2.062500000000000e+02 2.062500000000000e+02
2.250000000000000e+02 2.062500000000000e+02
2.437500000000000e+02 2.062500000000000e+02
2.625000000000000e+02 2.062500000000000e+02
2.812500000000000e+02 2.062500000000000e+02
3.000000000000000e+02 2.062500000000000e+02
0.000000000000000e+00 2.250000000000000e+02
1.875000000000000e+01 2.250000000000000e+02
3.750000000000000e+01 2.250000000000000e+02
5.625000000000000e+01 2.250000000000000e+02
7.500000000000000e+01 2.250000000000000e+02
9.375000000000000e+01 2.250000000000000e+02
1.125000000000000e+02 2.250000000000000e+02
1.312500000000000e+02 2.250000000000000e+02
1.500000000000000e+02 2.250000000000000e+02
1.687500000000000e+02 2.250000000000000e+02
1.875000000000000e+02 2.250000000000000e+02
2.062500000000000e+02 2.250000000000000e+02
2.250000000000000e+02 2.250000000000000e+02
2.437500000000000e+02 2.250000000000000e+02
2.625000000000000e+02 2.250000000000000e+02
2.812500000000000e+02 2.250000000000000e+02
3.000000000000000e+02 2.250000000000000e+02
0.000000000000000e+00 2.437500000000000e+02
1.875000000000000e+01 2.437500000000000e+02
3.750000000000000e+01 2.437500000000000e+02
5.625000000000000e+01 2.437500000000000e+02
7.500000000000000e+01 2.437500000000000e+02
9.375000000000000e+01 2.437500000000000e+02
1.125000000000000e+02 2.437500000000000e+02
1.312500000000000e+02 2.437500000000000e+02
1.500000000000000e+02 2.437500000000000e+02
1.687500000000000e+02 2.437500000000000e+02
1.875000000000000e+02 2.437500000000000e+02
2.062500000000000e+02 2.437500000000000e+02
2.250000000000000e+02 2.437500000000000e+02
2.437500000000000e+02 2.437500000000000e+02
2.625000000000000e+02 2.437500000000000e+02
2.812500000000000e+02 2.437500000000000e+02
3.000000000000000e+02 2.437500000000000e+02
0.000000000000000e+00 2.625000000000000e+02
1.875000000000000e+01 2.625000000000000e+02
3.750000000000000e+01 2.625000000000000e+02
5.625000000000000e+01 2.625000000000000e+02
7.500000000000000e+01 2.625000000000000e+02
9.375000000000000e+01 2.625000000000000e+02
1.125000000000000e+02 2.625000000000000e+02
1.312500000000000e+02 2.625000000000000e+02
1.500000000000000e+02 2.625000000000000e+02
1.687500000000000e+02 2.625000000000000e+02
1.875000000000000e+02 2.625000000000000e+02
2.062500000000000e+02 2.625000000000000e+02
2.250000000000000e+02 2.625000000000000e+02
2.437500000000000e+02 2.625000000000000e+02
2.625000000000000e+02 2.625000000000000e+02
2.812500000000000e+02 2.625000000000000e+02
3.000000000000000e+02 2.625000000000000e+02
0.000000000000000e+00 2.812500000000000e+02
1.875000000000000e+01 2.812500000000000e+02
3.750000000000000e+01 2.812500000000000e+02
5.625000000000000e+01 2.812500000000000e+02
7.500000000000000e+01 2.812500000000000e+02
9.375000000000000e+01 2.812500000000000e+02
1.125000000000000e+02 2.812500000000000e+02
1.312500000000000e+02 2.812500000000000e+02
1.500000000000000e+02 2.812500000000000e+02
1.687500000000000e+02 2.812500000000000e+02
1.875000000000000e+02 2.812500000000000e+02
2.062500000000000e+02 2.812500000000000e+02
2.250000000000000e+02 2.812500000000000e+02
2.437500000000000e+02 2.812500000000000e+02
2.625000000000000e+02 2.812500000000000e+02
2.812500000000000e+02 2.812500000000000e+02
3.000000000000000e+02 2.812500000000000e+02
0.000000000000000e+00 3.000000000000000e+02
1.875000000000000e+01 3.000000000000000e+02
3.750000000000000e+01 3.000000000000000e+02
5.625000000000000e+01 3.000000000000000e+02
7.500000000000000e+01 3.000000000000000e+02
9.375000000000000e+01 3.000000000000000e+02
1.125000000000000e+02 3.000000000000000e+02
1.312500000000000e+02 3.000000000000000e+02
1.500000000000000e+02 3.000000000000000e+02
1.687500000000000e+02 3.000000000000000e+02
1.875000000000000e+02 3.000000000000000e+02
2.062500000000000e+02 3.000000000000000e+02
2.250000000000000e+02 3.000000000000000e+02
2.437500000000000e+02 3.000000000000000e+02
2.625000000000000e+02 3.000000000000000e+02
2.812500000000000e+02 3.000000000000000e+02
3.000000000000000e+02 3.000000000000000e+02
